(kicad_pcb (version 20171130) (host pcbnew "(5.1.0)-1")

  (general
    (thickness 1.6)
    (drawings 700)
    (tracks 9)
    (zones 0)
    (modules 21)
    (nets 1)
  )

  (page A4)
  (layers
    (0 F.Cu signal)
    (31 B.Cu signal)
    (32 B.Adhes user)
    (33 F.Adhes user)
    (34 B.Paste user)
    (35 F.Paste user)
    (36 B.SilkS user)
    (37 F.SilkS user)
    (38 B.Mask user)
    (39 F.Mask user)
    (40 Dwgs.User user)
    (41 Cmts.User user)
    (42 Eco1.User user)
    (43 Eco2.User user)
    (44 Edge.Cuts user)
  )

  (setup
    (last_trace_width 0.25)
    (trace_clearance 0.2)
    (zone_clearance 0.508)
    (zone_45_only no)
    (trace_min 0.2)
    (via_size 0.8)
    (via_drill 0.4)
    (via_min_size 0.4)
    (via_min_drill 0.3)
    (uvia_size 0.3)
    (uvia_drill 0.1)
    (uvias_allowed no)
    (uvia_min_size 0.2)
    (uvia_min_drill 0.1)
    (edge_width 0.05)
    (segment_width 0.2)
    (pcb_text_width 0.3)
    (pcb_text_size 1.5 1.5)
    (mod_edge_width 0.12)
    (mod_text_size 1 1)
    (mod_text_width 0.15)
    (pad_size 1.524 1.524)
    (pad_drill 0.762)
    (pad_to_mask_clearance 0.051)
    (solder_mask_min_width 0.25)
    (aux_axis_origin 0 0)
    (visible_elements 7FFFFFFF)
    (pcbplotparams
      (layerselection 0x010fc_ffffffff)
      (usegerberextensions false)
      (usegerberattributes false)
      (usegerberadvancedattributes false)
      (creategerberjobfile false)
      (excludeedgelayer true)
      (linewidth 0.100000)
      (plotframeref false)
      (viasonmask false)
      (mode 1)
      (useauxorigin false)
      (hpglpennumber 1)
      (hpglpenspeed 20)
      (hpglpendiameter 15.000000)
      (psnegative false)
      (psa4output false)
      (plotreference true)
      (plotvalue true)
      (plotinvisibletext false)
      (padsonsilk false)
      (subtractmaskfromsilk false)
      (outputformat 1)
      (mirror false)
      (drillshape 0)
      (scaleselection 1)
      (outputdirectory "Gerbers/"))
  )

  (net 0 "")

  (net_class Default "This is the default net class."
    (clearance 0.2)
    (trace_width 0.25)
    (via_dia 0.8)
    (via_drill 0.4)
    (uvia_dia 0.3)
    (uvia_drill 0.1)
  )

  (module KraakenStuff:Panel_Graphics_Trimmer_Arc_10mm (layer F.Cu) (tedit 5CBA3E47) (tstamp 5CBB23C1)
    (at 22.5 63.25)
    (fp_text reference ~ (at 0 7.8) (layer F.SilkS)
      (effects (font (size 1 1) (thickness 0.15)))
    )
    (fp_text value Panel_Graphics_Trimmer_Arc_10mm (at 0 -8.4) (layer F.Fab)
      (effects (font (size 1 1) (thickness 0.15)))
    )
    (fp_line (start -5.1 1.4) (end -5.736307 1.5705) (layer F.SilkS) (width 0.416))
    (fp_line (start -1.373485 -5.054544) (end -1.543984 -5.690848) (layer F.SilkS) (width 0.416))
    (fp_line (start 4.554564 -2.59911) (end 5.12506 -2.928486) (layer F.SilkS) (width 0.416))
    (fp_line (start -4.573513 2.671034) (end -5.144009 3.00041) (layer F.SilkS) (width 0.416))
    (fp_line (start -3.73599 3.762503) (end -4.201798 4.228314) (layer F.SilkS) (width 0.416))
    (fp_line (start 1.354538 -5.054553) (end 1.525034 -5.69086) (layer F.SilkS) (width 0.416))
    (fp_line (start 3.71706 -3.690524) (end 4.182867 -4.156336) (layer F.SilkS) (width 0.416))
    (fp_line (start 5.260618 0.035991) (end 5.91937 0.035991) (layer F.SilkS) (width 0.416))
    (fp_line (start -2.644518 -4.528048) (end -2.973894 -5.098544) (layer F.SilkS) (width 0.416))
    (fp_line (start 5.081085 -1.328044) (end 6.333024 -1.6635) (layer F.SilkS) (width 0.416))
    (fp_line (start 2.625565 4.600039) (end 3.27362 5.722493) (layer F.SilkS) (width 0.416))
    (fp_line (start 4.554564 2.671037) (end 5.12506 3.000413) (layer F.SilkS) (width 0.416))
    (fp_line (start -5.099987 -1.328051) (end -6.351926 -1.663507) (layer F.SilkS) (width 0.416))
    (fp_line (start -2.644521 4.600039) (end -3.292572 5.722493) (layer F.SilkS) (width 0.416))
    (fp_line (start -0.009475 -5.234147) (end -0.009475 -6.530252) (layer F.SilkS) (width 0.416))
    (fp_line (start 2.625575 -4.528102) (end 2.954951 -5.098598) (layer F.SilkS) (width 0.416))
    (fp_line (start 5.081072 1.399949) (end 5.717376 1.570448) (layer F.SilkS) (width 0.416))
    (fp_line (start 3.71704 3.762464) (end 4.182852 4.228276) (layer F.SilkS) (width 0.416))
    (fp_line (start -3.735987 -3.690544) (end -4.201798 -4.156352) (layer F.SilkS) (width 0.416))
    (fp_line (start -4.57351 -2.599059) (end -5.144006 -2.928435) (layer F.SilkS) (width 0.416))
    (fp_line (start -5.279564 0.035991) (end -5.938316 0.035991) (layer F.SilkS) (width 0.416))
  )

  (module KraakenStuff:Panel_Graphics_Trimmer_Arc_10mm (layer F.Cu) (tedit 5CBA3E47) (tstamp 5CBB2215)
    (at 7.5 63.25)
    (fp_text reference ~ (at 0 7.8) (layer F.SilkS)
      (effects (font (size 1 1) (thickness 0.15)))
    )
    (fp_text value Panel_Graphics_Trimmer_Arc_10mm (at 0 -8.4) (layer F.Fab)
      (effects (font (size 1 1) (thickness 0.15)))
    )
    (fp_line (start -5.279564 0.035991) (end -5.938316 0.035991) (layer F.SilkS) (width 0.416))
    (fp_line (start -4.57351 -2.599059) (end -5.144006 -2.928435) (layer F.SilkS) (width 0.416))
    (fp_line (start -3.735987 -3.690544) (end -4.201798 -4.156352) (layer F.SilkS) (width 0.416))
    (fp_line (start 3.71704 3.762464) (end 4.182852 4.228276) (layer F.SilkS) (width 0.416))
    (fp_line (start 5.081072 1.399949) (end 5.717376 1.570448) (layer F.SilkS) (width 0.416))
    (fp_line (start 2.625575 -4.528102) (end 2.954951 -5.098598) (layer F.SilkS) (width 0.416))
    (fp_line (start -0.009475 -5.234147) (end -0.009475 -6.530252) (layer F.SilkS) (width 0.416))
    (fp_line (start -2.644521 4.600039) (end -3.292572 5.722493) (layer F.SilkS) (width 0.416))
    (fp_line (start -5.099987 -1.328051) (end -6.351926 -1.663507) (layer F.SilkS) (width 0.416))
    (fp_line (start 4.554564 2.671037) (end 5.12506 3.000413) (layer F.SilkS) (width 0.416))
    (fp_line (start 2.625565 4.600039) (end 3.27362 5.722493) (layer F.SilkS) (width 0.416))
    (fp_line (start 5.081085 -1.328044) (end 6.333024 -1.6635) (layer F.SilkS) (width 0.416))
    (fp_line (start -2.644518 -4.528048) (end -2.973894 -5.098544) (layer F.SilkS) (width 0.416))
    (fp_line (start 5.260618 0.035991) (end 5.91937 0.035991) (layer F.SilkS) (width 0.416))
    (fp_line (start 3.71706 -3.690524) (end 4.182867 -4.156336) (layer F.SilkS) (width 0.416))
    (fp_line (start 1.354538 -5.054553) (end 1.525034 -5.69086) (layer F.SilkS) (width 0.416))
    (fp_line (start -3.73599 3.762503) (end -4.201798 4.228314) (layer F.SilkS) (width 0.416))
    (fp_line (start -4.573513 2.671034) (end -5.144009 3.00041) (layer F.SilkS) (width 0.416))
    (fp_line (start 4.554564 -2.59911) (end 5.12506 -2.928486) (layer F.SilkS) (width 0.416))
    (fp_line (start -1.373485 -5.054544) (end -1.543984 -5.690848) (layer F.SilkS) (width 0.416))
    (fp_line (start -5.1 1.4) (end -5.736307 1.5705) (layer F.SilkS) (width 0.416))
  )

  (module KraakenStuff:Panel_Graphics_Trimmer_Arc_10mm (layer F.Cu) (tedit 5CBA3E47) (tstamp 5CBB1EB1)
    (at 15 36.75)
    (fp_text reference ~ (at 0 7.8) (layer F.SilkS)
      (effects (font (size 1 1) (thickness 0.15)))
    )
    (fp_text value Panel_Graphics_Trimmer_Arc_10mm (at 0 -8.4) (layer F.Fab)
      (effects (font (size 1 1) (thickness 0.15)))
    )
    (fp_line (start -5.279564 0.035991) (end -5.938316 0.035991) (layer F.SilkS) (width 0.416))
    (fp_line (start -4.57351 -2.599059) (end -5.144006 -2.928435) (layer F.SilkS) (width 0.416))
    (fp_line (start -3.735987 -3.690544) (end -4.201798 -4.156352) (layer F.SilkS) (width 0.416))
    (fp_line (start 3.71704 3.762464) (end 4.182852 4.228276) (layer F.SilkS) (width 0.416))
    (fp_line (start 5.081072 1.399949) (end 5.717376 1.570448) (layer F.SilkS) (width 0.416))
    (fp_line (start 2.625575 -4.528102) (end 2.954951 -5.098598) (layer F.SilkS) (width 0.416))
    (fp_line (start -0.009475 -5.234147) (end -0.009475 -6.530252) (layer F.SilkS) (width 0.416))
    (fp_line (start -2.644521 4.600039) (end -3.292572 5.722493) (layer F.SilkS) (width 0.416))
    (fp_line (start -5.099987 -1.328051) (end -6.351926 -1.663507) (layer F.SilkS) (width 0.416))
    (fp_line (start 4.554564 2.671037) (end 5.12506 3.000413) (layer F.SilkS) (width 0.416))
    (fp_line (start 2.625565 4.600039) (end 3.27362 5.722493) (layer F.SilkS) (width 0.416))
    (fp_line (start 5.081085 -1.328044) (end 6.333024 -1.6635) (layer F.SilkS) (width 0.416))
    (fp_line (start -2.644518 -4.528048) (end -2.973894 -5.098544) (layer F.SilkS) (width 0.416))
    (fp_line (start 5.260618 0.035991) (end 5.91937 0.035991) (layer F.SilkS) (width 0.416))
    (fp_line (start 3.71706 -3.690524) (end 4.182867 -4.156336) (layer F.SilkS) (width 0.416))
    (fp_line (start 1.354538 -5.054553) (end 1.525034 -5.69086) (layer F.SilkS) (width 0.416))
    (fp_line (start -3.73599 3.762503) (end -4.201798 4.228314) (layer F.SilkS) (width 0.416))
    (fp_line (start -4.573513 2.671034) (end -5.144009 3.00041) (layer F.SilkS) (width 0.416))
    (fp_line (start 4.554564 -2.59911) (end 5.12506 -2.928486) (layer F.SilkS) (width 0.416))
    (fp_line (start -1.373485 -5.054544) (end -1.543984 -5.690848) (layer F.SilkS) (width 0.416))
    (fp_line (start -5.1 1.4) (end -5.736307 1.5705) (layer F.SilkS) (width 0.416))
  )

  (module KraakenStuff:Panel_Graphics_Pot_Arc_16mm (layer F.Cu) (tedit 5CBA3C0A) (tstamp 5CBB17F3)
    (at 15.05 13.7)
    (fp_text reference ~ (at -0.09144 13.50772) (layer F.SilkS)
      (effects (font (size 1 1) (thickness 0.15)))
    )
    (fp_text value Panel_Graphics_Pot_Arc_16mm (at 0.0254 -15.23492) (layer F.Fab)
      (effects (font (size 1 1) (thickness 0.15)))
    )
    (fp_line (start -7.131309 4.151845) (end -8.022709 4.666494) (layer F.SilkS) (width 0.3))
    (fp_line (start -5.822679 5.857265) (end -6.550504 6.585095) (layer F.SilkS) (width 0.3))
    (fp_line (start -2.131265 -7.91937) (end -2.397669 -8.913595) (layer F.SilkS) (width 0.3))
    (fp_line (start 8.234521 0.03459) (end 9.263821 0.03459) (layer F.SilkS) (width 0.3))
    (fp_line (start 4.117251 7.165915) (end 5.129836 8.91975) (layer F.SilkS) (width 0.3))
    (fp_line (start -5.822674 -5.78812) (end -6.550504 -6.515945) (layer F.SilkS) (width 0.3))
    (fp_line (start -4.117254 -7.09672) (end -4.631904 -7.98812) (layer F.SilkS) (width 0.3))
    (fp_line (start 2.131271 -7.919385) (end 2.397671 -8.913615) (layer F.SilkS) (width 0.3))
    (fp_line (start 7.131311 4.15185) (end 8.022711 4.6665) (layer F.SilkS) (width 0.3))
    (fp_line (start -7.953944 2.165855) (end -8.948174 2.432259) (layer F.SilkS) (width 0.3))
    (fp_line (start 5.822681 5.857205) (end 6.550511 6.585035) (layer F.SilkS) (width 0.3))
    (fp_line (start 5.822711 -5.78809) (end 6.550536 -6.51592) (layer F.SilkS) (width 0.3))
    (fp_line (start 7.954001 -2.096715) (end 9.910156 -2.620865) (layer F.SilkS) (width 0.3))
    (fp_line (start 7.953981 2.165775) (end 8.948206 2.43218) (layer F.SilkS) (width 0.3))
    (fp_line (start 7.131311 -4.082755) (end 8.022711 -4.597405) (layer F.SilkS) (width 0.3))
    (fp_line (start -8.234514 0.03459) (end -9.263814 0.03459) (layer F.SilkS) (width 0.3))
    (fp_line (start -7.953925 -2.096725) (end -9.910079 -2.620875) (layer F.SilkS) (width 0.3))
    (fp_line (start -4.117259 7.165915) (end -5.129839 8.91975) (layer F.SilkS) (width 0.3))
    (fp_line (start -7.131304 -4.082675) (end -8.022704 -4.597325) (layer F.SilkS) (width 0.3))
    (fp_line (start 4.117266 -7.096805) (end 4.631916 -7.988205) (layer F.SilkS) (width 0.3))
    (fp_line (start 0 -8.2) (end 0 -10.225165) (layer F.SilkS) (width 0.3))
  )

  (module KraakenStuff:Panel_LED_3.05mm (layer F.Cu) (tedit 5CB9C8F5) (tstamp 5CBB018E)
    (at 15 27.25)
    (descr "Mounting Hole 6.4mm, no annular, M6")
    (tags "mounting hole 6.4mm no annular m6")
    (attr virtual)
    (fp_text reference ~ (at 0 -7.4) (layer F.SilkS)
      (effects (font (size 1 1) (thickness 0.15)))
    )
    (fp_text value Panel_LED_3.05mm (at -0.01016 2.77876) (layer F.Fab)
      (effects (font (size 1 1) (thickness 0.15)))
    )
    (fp_text user %R (at -0.01016 -5.77088) (layer F.Fab)
      (effects (font (size 1 1) (thickness 0.15)))
    )
    (pad "" np_thru_hole circle (at 0 0) (size 3.05 3.05) (drill 3.05) (layers *.Cu *.Mask))
  )

  (module KraakenStuff:Panel_Screw_Elliptical (layer F.Cu) (tedit 5CB9BE5B) (tstamp 5CBB0083)
    (at 7.5 125.5)
    (fp_text reference ~ (at 0.01016 3.85572) (layer F.SilkS)
      (effects (font (size 1 1) (thickness 0.15)))
    )
    (fp_text value Panel_Screw_Elliptical (at 0.01016 -3.79984) (layer F.Fab)
      (effects (font (size 1 1) (thickness 0.15)))
    )
    (pad "" np_thru_hole roundrect (at 0 0) (size 7.2 5.2) (drill oval 5.2 3.2) (layers *.Cu *.Mask) (roundrect_rratio 0.5))
  )

  (module KraakenStuff:Panel_Screw_Elliptical (layer F.Cu) (tedit 5CB9BE5B) (tstamp 5CBB007A)
    (at 7.5 3)
    (fp_text reference ~ (at 0.01016 3.85572) (layer F.SilkS)
      (effects (font (size 1 1) (thickness 0.15)))
    )
    (fp_text value Panel_Screw_Elliptical (at 0.01016 -3.79984) (layer F.Fab)
      (effects (font (size 1 1) (thickness 0.15)))
    )
    (pad "" np_thru_hole roundrect (at 0 0) (size 7.2 5.2) (drill oval 5.2 3.2) (layers *.Cu *.Mask) (roundrect_rratio 0.5))
  )

  (module KraakenStuff:Panel_Thonkiconn_6mm (layer F.Cu) (tedit 5CB9BA4E) (tstamp 5CBA0761)
    (at 25 112.25)
    (descr "Mounting Hole 6.4mm, no annular, M6")
    (tags "mounting hole 6.4mm no annular m6")
    (attr virtual)
    (fp_text reference ~ (at 0 -7.4) (layer F.SilkS)
      (effects (font (size 1 1) (thickness 0.15)))
    )
    (fp_text value Panel_Thonkiconn_6mm (at 0 7.4) (layer F.Fab)
      (effects (font (size 1 1) (thickness 0.15)))
    )
    (fp_text user %R (at 0.3 0) (layer F.Fab)
      (effects (font (size 1 1) (thickness 0.15)))
    )
    (pad "" np_thru_hole circle (at 0 0) (size 8.6 8.6) (drill 6) (layers *.Cu *.Mask))
  )

  (module KraakenStuff:Panel_Thonkiconn_6mm (layer F.Cu) (tedit 5CB9BA4E) (tstamp 5CBA0747)
    (at 15 112.25)
    (descr "Mounting Hole 6.4mm, no annular, M6")
    (tags "mounting hole 6.4mm no annular m6")
    (attr virtual)
    (fp_text reference ~ (at 0 -7.4) (layer F.SilkS)
      (effects (font (size 1 1) (thickness 0.15)))
    )
    (fp_text value Panel_Thonkiconn_6mm (at 0 7.4) (layer F.Fab)
      (effects (font (size 1 1) (thickness 0.15)))
    )
    (fp_text user %R (at 0.3 0) (layer F.Fab)
      (effects (font (size 1 1) (thickness 0.15)))
    )
    (pad "" np_thru_hole circle (at 0 0) (size 8.6 8.6) (drill 6) (layers *.Cu *.Mask))
  )

  (module KraakenStuff:Panel_Thonkiconn_6mm (layer F.Cu) (tedit 5CB9BA4E) (tstamp 5CBA072D)
    (at 5 112.25)
    (descr "Mounting Hole 6.4mm, no annular, M6")
    (tags "mounting hole 6.4mm no annular m6")
    (attr virtual)
    (fp_text reference ~ (at 0 -7.4) (layer F.SilkS)
      (effects (font (size 1 1) (thickness 0.15)))
    )
    (fp_text value Panel_Thonkiconn_6mm (at 0 7.4) (layer F.Fab)
      (effects (font (size 1 1) (thickness 0.15)))
    )
    (fp_text user %R (at 0.3 0) (layer F.Fab)
      (effects (font (size 1 1) (thickness 0.15)))
    )
    (pad "" np_thru_hole circle (at 0 0) (size 8.6 8.6) (drill 6) (layers *.Cu *.Mask))
  )

  (module KraakenStuff:Panel_Thonkiconn_6mm (layer F.Cu) (tedit 5CB9BA4E) (tstamp 5CBA0713)
    (at 25 98.75)
    (descr "Mounting Hole 6.4mm, no annular, M6")
    (tags "mounting hole 6.4mm no annular m6")
    (attr virtual)
    (fp_text reference ~ (at 0 -7.4) (layer F.SilkS)
      (effects (font (size 1 1) (thickness 0.15)))
    )
    (fp_text value Panel_Thonkiconn_6mm (at 0 7.4) (layer F.Fab)
      (effects (font (size 1 1) (thickness 0.15)))
    )
    (fp_text user %R (at 0.3 0) (layer F.Fab)
      (effects (font (size 1 1) (thickness 0.15)))
    )
    (pad "" np_thru_hole circle (at 0 0) (size 8.6 8.6) (drill 6) (layers *.Cu *.Mask))
  )

  (module KraakenStuff:Panel_Thonkiconn_6mm (layer F.Cu) (tedit 5CB9BA4E) (tstamp 5CBA06F9)
    (at 15 98.75)
    (descr "Mounting Hole 6.4mm, no annular, M6")
    (tags "mounting hole 6.4mm no annular m6")
    (attr virtual)
    (fp_text reference ~ (at 0 -7.4) (layer F.SilkS)
      (effects (font (size 1 1) (thickness 0.15)))
    )
    (fp_text value Panel_Thonkiconn_6mm (at 0 7.4) (layer F.Fab)
      (effects (font (size 1 1) (thickness 0.15)))
    )
    (fp_text user %R (at 0.3 0) (layer F.Fab)
      (effects (font (size 1 1) (thickness 0.15)))
    )
    (pad "" np_thru_hole circle (at 0 0) (size 8.6 8.6) (drill 6) (layers *.Cu *.Mask))
  )

  (module KraakenStuff:Panel_Thonkiconn_6mm (layer F.Cu) (tedit 5CB9BA4E) (tstamp 5CBA06DF)
    (at 5 98.75)
    (descr "Mounting Hole 6.4mm, no annular, M6")
    (tags "mounting hole 6.4mm no annular m6")
    (attr virtual)
    (fp_text reference ~ (at 0 -7.4) (layer F.SilkS)
      (effects (font (size 1 1) (thickness 0.15)))
    )
    (fp_text value Panel_Thonkiconn_6mm (at 0 7.4) (layer F.Fab)
      (effects (font (size 1 1) (thickness 0.15)))
    )
    (fp_text user %R (at 0.3 0) (layer F.Fab)
      (effects (font (size 1 1) (thickness 0.15)))
    )
    (pad "" np_thru_hole circle (at 0 0) (size 8.6 8.6) (drill 6) (layers *.Cu *.Mask))
  )

  (module KraakenStuff:Panel_Thonkiconn_6mm (layer F.Cu) (tedit 5CB9BA4E) (tstamp 5CBA06C5)
    (at 21.5 85.25)
    (descr "Mounting Hole 6.4mm, no annular, M6")
    (tags "mounting hole 6.4mm no annular m6")
    (attr virtual)
    (fp_text reference ~ (at 0 -7.4) (layer F.SilkS)
      (effects (font (size 1 1) (thickness 0.15)))
    )
    (fp_text value Panel_Thonkiconn_6mm (at 0 7.4) (layer F.Fab)
      (effects (font (size 1 1) (thickness 0.15)))
    )
    (fp_text user %R (at 0.3 0) (layer F.Fab)
      (effects (font (size 1 1) (thickness 0.15)))
    )
    (pad "" np_thru_hole circle (at 0 0) (size 8.6 8.6) (drill 6) (layers *.Cu *.Mask))
  )

  (module KraakenStuff:Panel_Thonkiconn_6mm (layer F.Cu) (tedit 5CB9BA4E) (tstamp 5CBA06AB)
    (at 8.5 85.25)
    (descr "Mounting Hole 6.4mm, no annular, M6")
    (tags "mounting hole 6.4mm no annular m6")
    (attr virtual)
    (fp_text reference ~ (at 0 -7.4) (layer F.SilkS)
      (effects (font (size 1 1) (thickness 0.15)))
    )
    (fp_text value Panel_Thonkiconn_6mm (at 0 7.4) (layer F.Fab)
      (effects (font (size 1 1) (thickness 0.15)))
    )
    (fp_text user %R (at 0.3 0) (layer F.Fab)
      (effects (font (size 1 1) (thickness 0.15)))
    )
    (pad "" np_thru_hole circle (at 0 0) (size 8.6 8.6) (drill 6) (layers *.Cu *.Mask))
  )

  (module KraakenStuff:Panel_SubSwitch_4.9mm (layer F.Cu) (tedit 5CB9BCDB) (tstamp 5CBA068C)
    (at 25.65 28.05)
    (descr "Mounting Hole 6.4mm, no annular, M6")
    (tags "mounting hole 6.4mm no annular m6")
    (attr virtual)
    (fp_text reference ~ (at 0 -7.4) (layer F.SilkS)
      (effects (font (size 1 1) (thickness 0.15)))
    )
    (fp_text value Panel_SubSwitch_4.9mm (at 0 7.4) (layer F.Fab)
      (effects (font (size 1 1) (thickness 0.15)))
    )
    (fp_text user %R (at 0.3 0) (layer F.Fab)
      (effects (font (size 1 1) (thickness 0.15)))
    )
    (pad "" np_thru_hole circle (at 0 0) (size 7.5 7.5) (drill 4.9) (layers *.Cu *.Mask))
  )

  (module KraakenStuff:Panel_SubSwitch_4.9mm (layer F.Cu) (tedit 5CB9BCDB) (tstamp 5CBA0672)
    (at 4.25 28.3)
    (descr "Mounting Hole 6.4mm, no annular, M6")
    (tags "mounting hole 6.4mm no annular m6")
    (attr virtual)
    (fp_text reference ~ (at 0 -7.4) (layer F.SilkS)
      (effects (font (size 1 1) (thickness 0.15)))
    )
    (fp_text value Panel_SubSwitch_4.9mm (at 0 7.4) (layer F.Fab)
      (effects (font (size 1 1) (thickness 0.15)))
    )
    (fp_text user %R (at 0.3 0) (layer F.Fab)
      (effects (font (size 1 1) (thickness 0.15)))
    )
    (pad "" np_thru_hole circle (at 0 0) (size 7.5 7.5) (drill 4.9) (layers *.Cu *.Mask))
  )

  (module KraakenStuff:Panel_Trimmer_6.7mm (layer F.Cu) (tedit 5CB9BA6A) (tstamp 5CBA0653)
    (at 22.5 63.25)
    (descr "Mounting Hole 6.4mm, no annular, M6")
    (tags "mounting hole 6.4mm no annular m6")
    (attr virtual)
    (fp_text reference ~ (at 0 -7.4) (layer F.SilkS)
      (effects (font (size 1 1) (thickness 0.15)))
    )
    (fp_text value Panel_Trimmer_6.7mm (at 0 7.4) (layer F.Fab)
      (effects (font (size 1 1) (thickness 0.15)))
    )
    (fp_text user %R (at 0.3 0) (layer F.Fab)
      (effects (font (size 1 1) (thickness 0.15)))
    )
    (pad "" np_thru_hole circle (at 0 0) (size 9.3 9.3) (drill 6.7) (layers *.Cu *.Mask))
  )

  (module KraakenStuff:Panel_Trimmer_6.7mm (layer F.Cu) (tedit 5CB9BA6A) (tstamp 5CBB2294)
    (at 7.5 63.25)
    (descr "Mounting Hole 6.4mm, no annular, M6")
    (tags "mounting hole 6.4mm no annular m6")
    (attr virtual)
    (fp_text reference ~ (at 0 -7.4) (layer F.SilkS)
      (effects (font (size 1 1) (thickness 0.15)))
    )
    (fp_text value Panel_Trimmer_6.7mm (at 0 7.4) (layer F.Fab)
      (effects (font (size 1 1) (thickness 0.15)))
    )
    (fp_text user %R (at 0.3 0) (layer F.Fab)
      (effects (font (size 1 1) (thickness 0.15)))
    )
    (pad "" np_thru_hole circle (at 0 0) (size 9.3 9.3) (drill 6.7) (layers *.Cu *.Mask))
  )

  (module KraakenStuff:Panel_Pot_7.1mm (layer F.Cu) (tedit 5CB9BBF3) (tstamp 5CBA0610)
    (at 15 36.75)
    (descr "Mounting Hole 6.4mm, no annular, M6")
    (tags "mounting hole 6.4mm no annular m6")
    (attr virtual)
    (fp_text reference ~ (at 0 -7.4) (layer F.SilkS)
      (effects (font (size 1 1) (thickness 0.15)))
    )
    (fp_text value Panel_Pot_7.1mm (at 0 7.4) (layer F.Fab)
      (effects (font (size 1 1) (thickness 0.15)))
    )
    (fp_text user %R (at 0.3 0) (layer F.Fab)
      (effects (font (size 1 1) (thickness 0.15)))
    )
    (pad "" np_thru_hole circle (at 0 0) (size 9.7 9.7) (drill 7.1) (layers *.Cu *.Mask))
  )

  (module KraakenStuff:Panel_Pot_7.1mm (layer F.Cu) (tedit 5CB9BBF3) (tstamp 5CBA05F6)
    (at 15 13.75)
    (descr "Mounting Hole 6.4mm, no annular, M6")
    (tags "mounting hole 6.4mm no annular m6")
    (attr virtual)
    (fp_text reference ~ (at 0 -7.4) (layer F.SilkS)
      (effects (font (size 1 1) (thickness 0.15)))
    )
    (fp_text value Panel_Pot_7.1mm (at 0 7.4) (layer F.Fab)
      (effects (font (size 1 1) (thickness 0.15)))
    )
    (fp_text user %R (at 0.3 0) (layer F.Fab)
      (effects (font (size 1 1) (thickness 0.15)))
    )
    (pad "" np_thru_hole circle (at 0 0) (size 9.7 9.7) (drill 7.1) (layers *.Cu *.Mask))
  )

  (gr_poly (pts (xy 25.59 104.47) (xy 25.95 104.47) (xy 26.21 106.51) (xy 26.48 104.46) (xy 26.76 104.46) (xy 27.02 106.5) (xy 27.28 104.47) (xy 27.64 104.47) (xy 27.24 107.21) (xy 26.84 107.21) (xy 26.61 105.63) (xy 26.390738 107.21604) (xy 25.99 107.22)) (layer F.SilkS) (width 0.01))
  (gr_poly (pts (xy 25.01 104.83) (xy 25.43 104.83) (xy 25.43 107.22) (xy 25.064166 107.21604) (xy 25.06 106.22) (xy 25.02 106.06) (xy 25.05 105.86) (xy 25.06 104.93)) (layer F.SilkS) (width 0.01))
  (gr_poly (pts (xy 24.28 107.21) (xy 24.28 104.8) (xy 24.34 104.63) (xy 24.45 104.53) (xy 24.62 104.47) (xy 25.09 104.47) (xy 25.27 104.54) (xy 25.38 104.66) (xy 25.43 104.84) (xy 25.02 104.85) (xy 24.93 104.8) (xy 24.75 104.8) (xy 24.66 104.84) (xy 24.63 105.03) (xy 24.64 105.87) (xy 25.06 105.88) (xy 25.07 106.21) (xy 24.64 106.21) (xy 24.64 107.21)) (layer F.SilkS) (width 0.01))
  (gr_poly (pts (xy 23.63 105.19) (xy 23.98 105.19) (xy 23.98 104.87) (xy 23.96 104.7) (xy 23.85 104.55) (xy 23.7 104.48) (xy 23.2 104.47) (xy 23.03 104.54) (xy 22.93 104.64) (xy 22.88 104.82) (xy 22.88 105.64) (xy 22.96 105.77) (xy 23.61 106.16) (xy 23.62 106.76) (xy 23.56 106.88) (xy 23.32 106.87) (xy 23.25 106.78) (xy 23.245156 106.571836) (xy 22.89 106.57) (xy 22.88 106.83) (xy 22.94 107.02) (xy 23.04 107.15) (xy 23.28 107.22) (xy 23.64 107.21) (xy 23.81 107.16) (xy 23.92 107.05) (xy 23.98 106.84) (xy 23.98 106.01) (xy 23.885521 105.881619) (xy 23.26 105.51) (xy 23.24 105.42) (xy 23.25 104.87) (xy 23.34 104.79) (xy 23.53 104.8) (xy 23.61 104.87) (xy 23.63 105)) (layer F.SilkS) (width 0.01))
  (gr_poly (pts (xy 16.42 104.45) (xy 16.93 104.46) (xy 17.11 104.54) (xy 17.22 104.69) (xy 17.25 104.91) (xy 17.24 105.68) (xy 17.22 105.85) (xy 17.14 105.97) (xy 17.02 106.07) (xy 17.28 107.2) (xy 16.94 107.21) (xy 16.69 106.11) (xy 16.42 106.1) (xy 16.4 105.78) (xy 16.68 105.79) (xy 16.81 105.77) (xy 16.87 105.69) (xy 16.87 104.91) (xy 16.81 104.82) (xy 16.7 104.79) (xy 16.42 104.79)) (layer F.SilkS) (width 0.01))
  (gr_poly (pts (xy 16.1 107.21) (xy 16.10614 104.459666) (xy 16.47 104.45) (xy 16.47 105.78) (xy 16.47 107.21)) (layer F.SilkS) (width 0.01))
  (gr_poly (pts (xy 15.09 106.88) (xy 15.37 106.87) (xy 15.45 107.18) (xy 15.38 107.22) (xy 15.07 107.21)) (layer F.SilkS) (width 0.01))
  (gr_poly (pts (xy 14.5 104.74) (xy 14.62 104.55) (xy 14.78 104.48) (xy 15 104.46) (xy 15.38 104.46) (xy 15.58 104.54) (xy 15.69 104.71) (xy 15.72 104.96) (xy 15.72 106.88) (xy 15.92 106.88) (xy 15.92987 107.212867) (xy 15.39 107.21) (xy 15.34 106.87) (xy 15.35 104.9) (xy 15.28 104.8) (xy 15 104.79) (xy 14.88 104.84) (xy 14.84 104.96) (xy 14.85 106.75) (xy 14.9 106.84) (xy 15 106.88) (xy 15.15 106.87) (xy 15.14 107.22) (xy 14.82 107.2) (xy 14.65 107.15) (xy 14.53 107.01) (xy 14.48 106.78)) (layer F.SilkS) (width 0.01))
  (gr_poly (pts (xy 14.19 105.2) (xy 14.19 104.78) (xy 14.12 104.63) (xy 14.03 104.53) (xy 13.89 104.48) (xy 13.41 104.46) (xy 13.24 104.52) (xy 13.11 104.69) (xy 13.09 105.62) (xy 13.18 105.78) (xy 13.8 106.14) (xy 13.82 106.19) (xy 13.83 106.73) (xy 13.8 106.83) (xy 13.7 106.89) (xy 13.5 106.85) (xy 13.45 106.73) (xy 13.45 106.58) (xy 13.09 106.57) (xy 13.1 106.91) (xy 13.23 107.15) (xy 13.57 107.22) (xy 13.88 107.19) (xy 14.03 107.14) (xy 14.13 107.04) (xy 14.19 106.83) (xy 14.19 106.05) (xy 14.13 105.89) (xy 13.48 105.52) (xy 13.45 105.43) (xy 13.46 104.88) (xy 13.53 104.8) (xy 13.74 104.8) (xy 13.81 104.86) (xy 13.84 105.01) (xy 13.83 105.19)) (layer F.SilkS) (width 0.01))
  (gr_poly (pts (xy 6.124 104.47) (xy 6.474 104.47) (xy 6.484 107.21) (xy 6.124 107.21)) (layer F.SilkS) (width 0.01))
  (gr_poly (pts (xy 4.974 104.46) (xy 5.474 104.47) (xy 5.654 104.54) (xy 5.754 104.66) (xy 5.804 104.82) (xy 5.794 105.74) (xy 5.754 105.89) (xy 5.694 105.97) (xy 5.574 106.07) (xy 5.834 107.21) (xy 5.494 107.22) (xy 5.253261 106.107671) (xy 4.974 106.11) (xy 4.964 105.78) (xy 5.294 105.79) (xy 5.374 105.77) (xy 5.434 105.67) (xy 5.434 104.91) (xy 5.384 104.83) (xy 5.294 104.8) (xy 4.974 104.8)) (layer F.SilkS) (width 0.01))
  (gr_poly (pts (xy 4.664 104.47) (xy 4.664 107.23) (xy 5.034 107.21) (xy 5.014 104.47) (xy 4.662743 104.466488)) (layer F.SilkS) (width 0.01))
  (gr_poly (pts (xy 3.374 104.48) (xy 3.384 104.8) (xy 3.724 104.8) (xy 3.727952 107.219689) (xy 4.094 107.22) (xy 4.094 104.81) (xy 4.448848 104.800096) (xy 4.444 104.47)) (layer F.SilkS) (width 0.01))
  (gr_poly (pts (xy 26.29 90.99) (xy 27.2 90.98) (xy 27.2 91.32) (xy 26.658426 91.316917) (xy 26.66 92.14) (xy 27.141579 92.152846) (xy 27.14 92.48) (xy 26.65 92.49) (xy 26.658426 93.402908) (xy 27.21 93.41) (xy 27.202932 93.73651) (xy 26.290306 93.73651)) (layer F.SilkS) (width 0.01))
  (gr_poly (pts (xy 24.814909 90.983309) (xy 24.82 93.73) (xy 25.17 93.73) (xy 25.18 91.94) (xy 25.58 93.18) (xy 25.58 93.73) (xy 25.95 93.73) (xy 25.94 90.99) (xy 25.58 90.99) (xy 25.57 92.29) (xy 25.19 90.99)) (layer F.SilkS) (width 0.01))
  (gr_poly (pts (xy 24.11 91) (xy 24.46 90.99) (xy 24.48 93.73) (xy 24.11 93.73)) (layer F.SilkS) (width 0.01))
  (gr_poly (pts (xy 23.8 91.71) (xy 23.8 91.32) (xy 23.72 91.14) (xy 23.6 91.03) (xy 23.42 90.97) (xy 23.01 90.99) (xy 22.84 91.05) (xy 22.7 91.25) (xy 22.68 91.6) (xy 22.69 92.18) (xy 22.78 92.3) (xy 23.39 92.64) (xy 23.43 92.72) (xy 23.43 93.28) (xy 23.39 93.37) (xy 23.3 93.41) (xy 23.11 93.38) (xy 23.06 93.29) (xy 23.06 93.1) (xy 22.69 93.09) (xy 22.7 93.35) (xy 22.76 93.54) (xy 22.9 93.7) (xy 23.32 93.75) (xy 23.56 93.7) (xy 23.7 93.61) (xy 23.8 93.39) (xy 23.79 92.54) (xy 23.7 92.39) (xy 23.08583 92.041647) (xy 23.06 91.91) (xy 23.06 91.42) (xy 23.12 91.33) (xy 23.27 91.31) (xy 23.39 91.34) (xy 23.43 91.44) (xy 23.44 91.71)) (layer F.SilkS) (width 0.01))
  (gr_poly (pts (xy 17.84 91.75) (xy 17.84 91.36) (xy 17.8 91.18) (xy 17.67 91.04) (xy 17.48 90.98) (xy 17.05 90.98) (xy 16.87 91.05) (xy 16.77 91.19) (xy 16.72 91.48) (xy 16.73 93.37) (xy 16.79 93.54) (xy 16.9 93.68) (xy 17.1 93.74) (xy 17.5 93.73) (xy 17.7 93.66) (xy 17.81 93.5) (xy 17.84 93.33) (xy 17.84 93.09) (xy 17.48 93.09) (xy 17.47 93.31) (xy 17.41 93.38) (xy 17.23 93.41) (xy 17.11 93.36) (xy 17.09 93.27) (xy 17.1 91.41) (xy 17.17 91.32) (xy 17.35 91.31) (xy 17.43 91.35) (xy 17.47 91.46) (xy 17.48 91.75) (xy 17.84 91.76)) (layer F.SilkS) (width 0.01))
  (gr_poly (pts (xy 15.27 90.98) (xy 15.27 93.73) (xy 15.63 93.73) (xy 15.63 91.93) (xy 16.04 93.2) (xy 16.04 93.73) (xy 16.4 93.73) (xy 16.400312 90.980136) (xy 16.032192 90.980136) (xy 16.032192 92.310724) (xy 15.64 90.98)) (layer F.SilkS) (width 0.01))
  (gr_poly (pts (xy 13.81 90.98) (xy 14.16 90.99) (xy 14.44 92.16) (xy 14.7 90.98) (xy 15.05 90.98) (xy 14.62 92.73) (xy 14.61 93.73) (xy 14.24 93.71) (xy 14.24 92.72)) (layer F.SilkS) (width 0.01))
  (gr_poly (pts (xy 13.69 91.71) (xy 13.69 91.34) (xy 13.62 91.12) (xy 13.51 91.04) (xy 13.31 90.98) (xy 12.94 90.98) (xy 12.79 91.03) (xy 12.66 91.13) (xy 12.59 91.29) (xy 12.59 92.13) (xy 12.64 92.28) (xy 12.89 92.42) (xy 13.3 92.65) (xy 13.33 92.8) (xy 13.32 93.3) (xy 13.26 93.39) (xy 13.07 93.4) (xy 12.97 93.34) (xy 12.95 93.25) (xy 12.955156 93.089133) (xy 12.59 93.09) (xy 12.6 93.36) (xy 12.69 93.61) (xy 12.86 93.72) (xy 13.38 93.73) (xy 13.6 93.62) (xy 13.68 93.43) (xy 13.7 92.66) (xy 13.67 92.45) (xy 13.47 92.31) (xy 12.97 92.02) (xy 12.96 91.44) (xy 13 91.33) (xy 13.13 91.31) (xy 13.28 91.34) (xy 13.33 91.43) (xy 13.33 91.71)) (layer F.SilkS) (width 0.01))
  (gr_poly (pts (xy 7.200947 90.986957) (xy 8.28 90.99) (xy 8.27 91.32) (xy 7.91 91.32) (xy 7.93 93.73) (xy 7.56 93.73) (xy 7.553722 91.320566) (xy 7.2 91.31)) (layer F.SilkS) (width 0.01))
  (gr_poly (pts (xy 6.32 90.99) (xy 6.16 91.02) (xy 5.96 91.2) (xy 5.93 91.52) (xy 5.93 93.31) (xy 5.97 93.51) (xy 6.06 93.65) (xy 6.21 93.72) (xy 6.63 93.74) (xy 6.79 93.72) (xy 6.94 93.62) (xy 7.02 93.49) (xy 7.050137 93.272345) (xy 7.04 93.11) (xy 6.68 93.11) (xy 6.68 93.26) (xy 6.65 93.35) (xy 6.57 93.41) (xy 6.35 93.39) (xy 6.3 93.28) (xy 6.3 91.47) (xy 6.32 91.36) (xy 6.42 91.32) (xy 6.59 91.32) (xy 6.67 91.39) (xy 6.69 91.54) (xy 6.69 91.76) (xy 7.04 91.76) (xy 7.04 91.31) (xy 6.97 91.13) (xy 6.85 91.04) (xy 6.7 90.99)) (layer F.SilkS) (width 0.01))
  (gr_poly (pts (xy 5 90.99) (xy 4.99 91.31) (xy 5.14 91.32) (xy 5.18 91.33) (xy 5.22 90.99)) (layer F.SilkS) (width 0.01))
  (gr_poly (pts (xy 4.78 90.98) (xy 4.56 91.04) (xy 4.42 91.22) (xy 4.38 91.44) (xy 4.4 93.36) (xy 4.46 93.56) (xy 4.58 93.69) (xy 4.87 93.74) (xy 5.28 93.73) (xy 5.47 93.65) (xy 5.59 93.52) (xy 5.63 93.25) (xy 5.62 91.36) (xy 5.57 91.18) (xy 5.49 91.08) (xy 5.38 91.02) (xy 5.181402 90.986957) (xy 5.15 91.33) (xy 5.25 91.4) (xy 5.26 93.26) (xy 5.23 93.36) (xy 5.13 93.41) (xy 4.84 93.4) (xy 4.76 93.32) (xy 4.75 91.44) (xy 4.81 91.34) (xy 4.92 91.31) (xy 5.04 91.32) (xy 5.05 90.99)) (layer F.SilkS) (width 0.01))
  (gr_poly (pts (xy 3.98 90.8) (xy 3.14 93.92) (xy 3.39 93.93) (xy 4.23 90.8)) (layer F.SilkS) (width 0.01))
  (gr_poly (pts (xy 1.77 90.99) (xy 2.22 93.74) (xy 2.65 93.74) (xy 3.097925 90.986957) (xy 2.73 90.99) (xy 2.43 93.04) (xy 2.13 90.98)) (layer F.SilkS) (width 0.01))
  (gr_poly (pts (xy 22.77 77.47) (xy 22.79 77.8) (xy 23 77.81) (xy 23.1 77.87) (xy 23.09 77.47)) (layer F.SilkS) (width 0.01))
  (gr_poly (pts (xy 22.351885 77.473784) (xy 22.36 80.21) (xy 22.72 80.22) (xy 22.72 79.24) (xy 23.1 79.23) (xy 23.29 79.16) (xy 23.42 79.02) (xy 23.47 78.8) (xy 23.46 77.82) (xy 23.39 77.63) (xy 23.26 77.51) (xy 23.07 77.47) (xy 23.06 77.84) (xy 23.1 77.93) (xy 23.1 78.79) (xy 23.02 78.9) (xy 22.71 78.89) (xy 22.71 77.82) (xy 22.82 77.8) (xy 22.83 77.47)) (layer F.SilkS) (width 0.01))
  (gr_poly (pts (xy 20.98 77.47) (xy 21.33 77.47) (xy 21.54 78.47) (xy 21.78 77.48) (xy 22.12 77.48) (xy 21.792106 78.835046) (xy 22.11 80.22) (xy 21.76 80.22) (xy 21.55 79.19) (xy 21.293614 80.226986) (xy 20.96 80.22) (xy 21.3 78.84) (xy 20.975345 77.473784)) (layer F.SilkS) (width 0.01))
  (gr_poly (pts (xy 19.895382 77.473784) (xy 20.81 77.48) (xy 20.8 77.79) (xy 20.27 77.8) (xy 20.26 78.64) (xy 20.75 78.65) (xy 20.74 78.97) (xy 20.27 78.97) (xy 20.27 79.89) (xy 20.8 79.89) (xy 20.81 80.22) (xy 19.89 80.21)) (layer F.SilkS) (width 0.01))
  (gr_poly (pts (xy 8.99 77.48) (xy 8.99 80.23) (xy 9.35 80.22) (xy 9.36 78.44) (xy 9.74 79.69) (xy 9.745896 80.233807) (xy 10.11 80.22) (xy 10.11 77.47) (xy 9.75 77.47) (xy 9.75 78.79) (xy 9.36 77.49)) (layer F.SilkS) (width 0.01))
  (gr_poly (pts (xy 8.27134 77.480606) (xy 8.27134 80.233807) (xy 8.63 80.23) (xy 8.639455 77.480606)) (layer F.SilkS) (width 0.01))
  (gr_poly (pts (xy 7.18 77.49) (xy 7.19 80.23) (xy 8.059656 80.233807) (xy 8.06 79.91) (xy 7.553502 79.900199) (xy 7.55 77.5)) (layer F.SilkS) (width 0.01))
  (gr_poly (pts (xy 14.91 71.24) (xy 14.91 73.98) (xy 15.27 73.98) (xy 15.24 72.19) (xy 15.52 73.48) (xy 15.78 73.48) (xy 16.07 72.19) (xy 16.04 73.98) (xy 16.39 73.98) (xy 16.4 71.24) (xy 15.995239 71.237428) (xy 15.66 72.85) (xy 15.31 71.25)) (layer F.SilkS) (width 0.01) (tstamp 5CBB390C))
  (gr_poly (pts (xy 13.75 73.98) (xy 13.75 71.23) (xy 14.66 71.23) (xy 14.66 71.56) (xy 14.113502 71.571036) (xy 14.11 72.39) (xy 14.59 72.41) (xy 14.6 72.73) (xy 14.11 72.74) (xy 14.11 73.99)) (layer F.SilkS) (width 0.01) (tstamp 5CBB390F))
  (gr_line (start 9.350941 77.480606) (end 9.745896 78.811193) (layer F.SilkS) (width 0.055))
  (gr_line (start 14.658002 71.237428) (end 14.658002 71.571036) (layer F.SilkS) (width 0.055) (tstamp 5CBB3912))
  (gr_line (start 14.596649 72.740572) (end 14.113502 72.740572) (layer F.SilkS) (width 0.055) (tstamp 5CBB3915))
  (gr_line (start 9.745896 78.811193) (end 9.745896 77.480606) (layer F.SilkS) (width 0.055))
  (gr_line (start 8.059656 79.900199) (end 8.059656 80.233807) (layer F.SilkS) (width 0.055))
  (gr_line (start 7.185382 80.233807) (end 7.185382 77.480606) (layer F.SilkS) (width 0.055))
  (gr_line (start 7.553502 77.480606) (end 7.553502 79.900199) (layer F.SilkS) (width 0.055))
  (gr_line (start 14.113502 73.990629) (end 13.745382 73.990629) (layer F.SilkS) (width 0.055) (tstamp 5CBB3918))
  (gr_line (start 10.114016 77.480606) (end 10.114016 80.233807) (layer F.SilkS) (width 0.055))
  (gr_line (start 14.906234 73.990629) (end 14.906234 71.237428) (layer F.SilkS) (width 0.055) (tstamp 5CBB391B))
  (gr_line (start 16.033585 73.990629) (end 16.071931 72.188394) (layer F.SilkS) (width 0.055) (tstamp 5CBB391E))
  (gr_line (start 16.4017 73.990629) (end 16.033585 73.990629) (layer F.SilkS) (width 0.055) (tstamp 5CBB3921))
  (gr_line (start 8.639455 77.480606) (end 8.639455 80.233807) (layer F.SilkS) (width 0.055))
  (gr_line (start 13.745382 71.237428) (end 14.658002 71.237428) (layer F.SilkS) (width 0.055) (tstamp 5CBB3924))
  (gr_line (start 8.27134 80.233807) (end 8.27134 77.480606) (layer F.SilkS) (width 0.055))
  (gr_line (start 20.746649 78.643316) (end 20.746649 78.976924) (layer F.SilkS) (width 0.055))
  (gr_line (start 8.639455 80.233807) (end 8.27134 80.233807) (layer F.SilkS) (width 0.055))
  (gr_line (start 20.263502 77.807387) (end 20.263502 78.643316) (layer F.SilkS) (width 0.055))
  (gr_line (start 20.808002 77.473784) (end 20.808002 77.807387) (layer F.SilkS) (width 0.055))
  (gr_line (start 7.553502 79.900199) (end 8.059656 79.900199) (layer F.SilkS) (width 0.055))
  (gr_line (start 15.274349 73.990629) (end 14.906234 73.990629) (layer F.SilkS) (width 0.055) (tstamp 5CBB3927))
  (gr_line (start 19.895382 77.473784) (end 20.808002 77.473784) (layer F.SilkS) (width 0.055))
  (gr_line (start 8.982826 80.233807) (end 8.982826 77.480606) (layer F.SilkS) (width 0.055))
  (gr_line (start 8.059656 80.233807) (end 7.185382 80.233807) (layer F.SilkS) (width 0.055))
  (gr_line (start 9.350941 80.233807) (end 8.982826 80.233807) (layer F.SilkS) (width 0.055))
  (gr_line (start 9.745896 79.685468) (end 9.350941 78.431573) (layer F.SilkS) (width 0.055))
  (gr_line (start 15.312695 71.237428) (end 15.653964 72.855605) (layer F.SilkS) (width 0.055) (tstamp 5CBB392A))
  (gr_line (start 14.906234 71.237428) (end 15.312695 71.237428) (layer F.SilkS) (width 0.055) (tstamp 5CBB392D))
  (gr_line (start 14.113502 71.571036) (end 14.113502 72.406964) (layer F.SilkS) (width 0.055) (tstamp 5CBB3930))
  (gr_line (start 15.995239 71.237428) (end 16.4017 71.237428) (layer F.SilkS) (width 0.055) (tstamp 5CBB3933))
  (gr_line (start 16.071931 72.188394) (end 15.795842 73.492142) (layer F.SilkS) (width 0.055) (tstamp 5CBB3936))
  (gr_line (start 8.27134 77.480606) (end 8.639455 77.480606) (layer F.SilkS) (width 0.055))
  (gr_line (start 20.808002 77.807387) (end 20.263502 77.807387) (layer F.SilkS) (width 0.055))
  (gr_line (start 7.185382 77.480606) (end 7.553502 77.480606) (layer F.SilkS) (width 0.055))
  (gr_line (start 15.653964 72.855605) (end 15.995239 71.237428) (layer F.SilkS) (width 0.055) (tstamp 5CBB3939))
  (gr_line (start 15.795842 73.492142) (end 15.512086 73.492142) (layer F.SilkS) (width 0.055) (tstamp 5CBB393C))
  (gr_line (start 15.236003 72.188394) (end 15.274349 73.990629) (layer F.SilkS) (width 0.055) (tstamp 5CBB393F))
  (gr_line (start 8.982826 77.480606) (end 9.350941 77.480606) (layer F.SilkS) (width 0.055))
  (gr_line (start 9.745896 80.233807) (end 9.745896 79.685468) (layer F.SilkS) (width 0.055))
  (gr_line (start 14.113502 72.740572) (end 14.113502 73.990629) (layer F.SilkS) (width 0.055) (tstamp 5CBB3942))
  (gr_line (start 15.512086 73.492142) (end 15.236003 72.188394) (layer F.SilkS) (width 0.055) (tstamp 5CBB3945))
  (gr_line (start 20.263502 78.643316) (end 20.746649 78.643316) (layer F.SilkS) (width 0.055))
  (gr_line (start 19.895382 80.226986) (end 19.895382 77.473784) (layer F.SilkS) (width 0.055))
  (gr_line (start 14.658002 71.571036) (end 14.113502 71.571036) (layer F.SilkS) (width 0.055) (tstamp 5CBB3948))
  (gr_line (start 16.4017 71.237428) (end 16.4017 73.990629) (layer F.SilkS) (width 0.055) (tstamp 5CBB394B))
  (gr_line (start 9.350941 78.431573) (end 9.350941 80.233807) (layer F.SilkS) (width 0.055))
  (gr_line (start 10.114016 80.233807) (end 9.745896 80.233807) (layer F.SilkS) (width 0.055))
  (gr_line (start 9.745896 77.480606) (end 10.114016 77.480606) (layer F.SilkS) (width 0.055))
  (gr_line (start 14.113502 72.406964) (end 14.596649 72.406964) (layer F.SilkS) (width 0.055) (tstamp 5CBB394E))
  (gr_line (start 14.596649 72.406964) (end 14.596649 72.740572) (layer F.SilkS) (width 0.055) (tstamp 5CBB3951))
  (gr_line (start 13.745382 73.990629) (end 13.745382 71.237428) (layer F.SilkS) (width 0.055) (tstamp 5CBB3954))
  (gr_curve (pts (xy 23.620938 104.961332) (xy 23.620938 104.851409) (xy 23.567258 104.796447) (xy 23.459887 104.796447)) (layer F.SilkS) (width 0.055))
  (gr_line (start 26.210514 106.525823) (end 26.471264 104.462839) (layer F.SilkS) (width 0.055))
  (gr_line (start 27.644634 104.462839) (end 27.238173 107.21604) (layer F.SilkS) (width 0.055))
  (gr_curve (pts (xy 23.885521 105.881619) (xy 23.918758 105.904626) (xy 23.944316 105.934029) (xy 23.962213 105.969817)) (layer F.SilkS) (width 0.055))
